 8888888b.                Y88b   d88P        888    888          d8b 
888   Y88b                Y88b d88P         888    888          Y8P 
888    888                 Y88o88P          888    888              
888   d88P  8888b.  88888b. Y888P  888  888 8888888888 888  888 888 
8888888P"      "88b 888 "88b 888   888  888 888    888 888  888 888 
888        .d888888 888  888 888   888  888 888    888 888  888 888 
888        888  888 888  888 888   Y88b 888 888    888 Y88b 888 888 
888        "Y888888 888  888 888    "Y88888 888    888  "Y88888 888 
                                                                    
                                                                    
                                                                                                                                                                                